  Welcome to PTAM 
  --------------- 
  Parallel tracking and mapping for Small AR workspaces
  Copyright (C) Isis Innovation Limited 2008 

  Parsing settings.cfg ....
  ---------------- 
  first argument: number of frames to skip until next one is handed to PTAM
  second argument: number of frames to between forced relocalization
  third argument: last frame that will be fed into PTAM
  ---------------- 
  Skipping 0 frames before one is used.
  Forcing relocalization every 0 frames using relocalization-mechanism 1
    and I am waiting 0ms after relocalisation has been completed, before tracking is resumed
  Last Frame: 9999
CV_SSE2 defined
ros_init called
subscribeToImuAndCam called
Opened files for writing
  ARDriver: Creating FBO...  .. created FBO.
[0m[ INFO] [1355724129.221678016]: received image[0m
start of callback
1) sec: 22345 nsec: 387409653
end of callback
 Image sequence #0
---
22345 387409653
1 0 0 0
0 1 0 0
0 0 1 0
0 0 0 0
0 0 0
0 0 0
[0m[ INFO] [1355724129.299255031]: received image[0m
start of callback
1) sec: 22345 nsec: 487798653
end of callback
 Image sequence #1
---
22345 487798653
1 0 0 0
0 1 0 0
0 0 1 0
0 0 0 0
0 0 0
0 0 0
[0m[ INFO] [1355724129.419391940]: received image[0m
start of callback
1) sec: 22345 nsec: 588820653
end of callback
 Image sequence #2
---
22345 588820653
1 0 0 0
0 1 0 0
0 0 1 0
0 0 0 0
0 0 0
0 0 0
[0m[ INFO] [1355724129.550644291]: received image[0m
start of callback
1) sec: 22345 nsec: 689854653
end of callback
 Image sequence #3
---
22345 689854653
1 0 0 0
0 1 0 0
0 0 1 0
0 0 0 0
0 0 0
0 0 0
[0m[ INFO] [1355724129.683775694]: received image[0m
start of callback
1) sec: 22345 nsec: 790865653
end of callback
 Image sequence #4
---
22345 790865653
1 0 0 0
0 1 0 0
0 0 1 0
0 0 0 0
0 0 0
0 0 0
[0m[ INFO] [1355724129.803185578]: received image[0m
start of callback
1) sec: 22345 nsec: 892520653
end of callback
 Image sequence #5
---
22345 892520653
1 0 0 0
0 1 0 0
0 0 1 0
0 0 0 0
0 0 0
0 0 0
[0m[ INFO] [1355724129.921516118]: received image[0m
start of callback
1) sec: 22345 nsec: 993532653
end of callback
 Image sequence #6
---
22345 993532653
1 0 0 0
0 1 0 0
0 0 1 0
0 0 0 0
0 0 0
0 0 0
[0m[ INFO] [1355724130.042344818]: received image[0m
start of callback
1) sec: 22346 nsec: 94543653
end of callback
 Image sequence #7
---
22346 94543653
1 0 0 0
0 1 0 0
0 0 1 0
0 0 0 0
0 0 0
0 0 0
[0m[ INFO] [1355724130.165888909]: received image[0m
start of callback
1) sec: 22346 nsec: 195576653
end of callback
 Image sequence #8
---
22346 195576653
1 0 0 0
0 1 0 0
0 0 1 0
0 0 0 0
0 0 0
0 0 0
[0m[ INFO] [1355724130.317295586]: received image[0m
start of callback
1) sec: 22346 nsec: 295965653
end of callback
 Image sequence #9
---
22346 295965653
1 0 0 0
0 1 0 0
0 0 1 0
0 0 0 0
0 0 0
0 0 0
[0m[ INFO] [1355724130.436965037]: received image[0m
start of callback
1) sec: 22346 nsec: 396976653
end of callback
 Image sequence #10
---
22346 396976653
1 0 0 0
0 1 0 0
0 0 1 0
0 0 0 0
0 0 0
0 0 0
we're lost
[0m[ INFO] [1355724130.570270376]: received image[0m
start of callback
1) sec: 22346 nsec: 498020653
end of callback
 Image sequence #11
---
22346 498020653
1 0 0 0
0 1 0 0
0 0 1 0
0 0 0 0
0 0 0
0 0 0
we're lost
[0m[ INFO] [1355724130.704620453]: received image[0m
start of callback
1) sec: 22346 nsec: 599043653
end of callback
 Image sequence #12
---
22346 599043653
1 0 0 0
0 1 0 0
0 0 1 0
0 0 0 0
0 0 0
0 0 0
we're lost
[0m[ INFO] [1355724130.834648618]: received image[0m
start of callback
1) sec: 22346 nsec: 700076653
end of callback
 Image sequence #13
---
22346 700076653
1 0 0 0
0 1 0 0
0 0 1 0
0 0 0 0
0 0 0
0 0 0
we're lost
[0m[ INFO] [1355724130.955842759]: received image[0m
start of callback
1) sec: 22346 nsec: 801098653
end of callback
 Image sequence #14
---
22346 801098653
1 0 0 0
0 1 0 0
0 0 1 0
0 0 0 0
0 0 0
0 0 0
we're lost
[0m[ INFO] [1355724131.097612520]: received image[0m
start of callback
1) sec: 22346 nsec: 902098653
end of callback
 Image sequence #15
---
22346 902098653
1 0 0 0
0 1 0 0
0 0 1 0
0 0 0 0
0 0 0
0 0 0
we're lost
[0m[ INFO] [1355724131.231225321]: received image[0m
start of callback
1) sec: 22347 nsec: 3120653
end of callback
 Image sequence #16
---
22347 3120653
1 0 0 0
0 1 0 0
0 0 1 0
0 0 0 0
0 0 0
0 0 0
we're lost
[0m[ INFO] [1355724131.364420499]: received image[0m
start of callback
1) sec: 22347 nsec: 104143653
end of callback
 Image sequence #17
---
22347 104143653
1 0 0 0
0 1 0 0
0 0 1 0
0 0 0 0
0 0 0
0 0 0
we're lost
[0m[ INFO] [1355724131.494266148]: received image[0m
start of callback
1) sec: 22347 nsec: 205165653
end of callback
 Image sequence #18
---
22347 205165653
1 0 0 0
0 1 0 0
0 0 1 0
0 0 0 0
0 0 0
0 0 0
we're lost
[0m[ INFO] [1355724131.603574657]: received image[0m
start of callback
1) sec: 22347 nsec: 306220653
end of callback
 Image sequence #19
---
22347 306220653
1 0 0 0
0 1 0 0
0 0 1 0
0 0 0 0
0 0 0
0 0 0
we're lost
[0m[ INFO] [1355724131.712601932]: received image[0m
start of callback
1) sec: 22347 nsec: 407243653
end of callback
 Image sequence #20
---
22347 407243653
1 0 0 0
0 1 0 0
0 0 1 0
0 0 0 0
0 0 0
0 0 0
we're lost
[0m[ INFO] [1355724131.820922443]: received image[0m
start of callback
1) sec: 22347 nsec: 508265653
end of callback
 Image sequence #21
---
22347 508265653
1 0 0 0
0 1 0 0
0 0 1 0
0 0 0 0
0 0 0
0 0 0
we're lost
[0m[ INFO] [1355724131.962786799]: received image[0m
start of callback
1) sec: 22347 nsec: 609276653
end of callback
 Image sequence #22
---
22347 609276653
1 0 0 0
0 1 0 0
0 0 1 0
0 0 0 0
0 0 0
0 0 0
we're lost
[0m[ INFO] [1355724132.081541574]: received image[0m
start of callback
1) sec: 22347 nsec: 710265653
end of callback
 Image sequence #23
---
22347 710265653
1 0 0 0
0 1 0 0
0 0 1 0
0 0 0 0
0 0 0
0 0 0
we're lost
[0m[ INFO] [1355724132.202814329]: received image[0m
start of callback
1) sec: 22347 nsec: 811920653
end of callback
 Image sequence #24
---
22347 811920653
1 0 0 0
0 1 0 0
0 0 1 0
0 0 0 0
0 0 0
0 0 0
we're lost
[0m[ INFO] [1355724132.334830395]: received image[0m
start of callback
1) sec: 22347 nsec: 912943653
end of callback
 Image sequence #25
---
22347 912943653
1 0 0 0
0 1 0 0
0 0 1 0
0 0 0 0
0 0 0
0 0 0
we're lost
[0m[ INFO] [1355724132.469283049]: received image[0m
start of callback
1) sec: 22348 nsec: 13976653
end of callback
 Image sequence #26
---
22348 13976653
1 0 0 0
0 1 0 0
0 0 1 0
0 0 0 0
0 0 0
0 0 0
we're lost
[0m[ INFO] [1355724132.597980979]: received image[0m
start of callback
1) sec: 22348 nsec: 114976653
end of callback
 Image sequence #27
---
22348 114976653
1 0 0 0
0 1 0 0
0 0 1 0
0 0 0 0
0 0 0
0 0 0
we're lost
[0m[ INFO] [1355724132.719165531]: received image[0m
start of callback
1) sec: 22348 nsec: 215387653
end of callback
 Image sequence #28
---
22348 215387653
1 0 0 0
0 1 0 0
0 0 1 0
0 0 0 0
0 0 0
0 0 0
we're lost
[0m[ INFO] [1355724132.853240900]: received image[0m
start of callback
1) sec: 22348 nsec: 316398653
end of callback
 Image sequence #29
---
22348 316398653
1 0 0 0
0 1 0 0
0 0 1 0
0 0 0 0
0 0 0
0 0 0
we're lost
[0m[ INFO] [1355724133.008024568]: received image[0m
start of callback
1) sec: 22348 nsec: 417420653
end of callback
 Image sequence #30
---
22348 417420653
1 0 0 0
0 1 0 0
0 0 1 0
0 0 0 0
0 0 0
0 0 0
we're lost
[0m[ INFO] [1355724133.138046625]: received image[0m
start of callback
1) sec: 22348 nsec: 518443653
end of callback
 Image sequence #31
---
22348 518443653
1 0 0 0
0 1 0 0
0 0 1 0
0 0 0 0
0 0 0
0 0 0
we're lost
[0m[ INFO] [1355724133.263320026]: received image[0m
start of callback
1) sec: 22348 nsec: 619465653
end of callback
 Image sequence #32
---
22348 619465653
1 0 0 0
0 1 0 0
0 0 1 0
0 0 0 0
0 0 0
0 0 0
we're lost
[0m[ INFO] [1355724133.392252001]: received image[0m
start of callback
1) sec: 22348 nsec: 720487653
end of callback
 Image sequence #33
---
22348 720487653
1 0 0 0
0 1 0 0
0 0 1 0
0 0 0 0
0 0 0
0 0 0
we're lost
[0m[ INFO] [1355724133.513695272]: received image[0m
start of callback
1) sec: 22348 nsec: 821509653
end of callback
 Image sequence #34
---
22348 821509653
1 0 0 0
0 1 0 0
0 0 1 0
0 0 0 0
0 0 0
0 0 0
we're lost
[0m[ INFO] [1355724133.656086808]: received image[0m
start of callback
1) sec: 22348 nsec: 922532653
end of callback
 Image sequence #35
---
22348 922532653
1 0 0 0
0 1 0 0
0 0 1 0
0 0 0 0
0 0 0
0 0 0
  MapMaker: made initial map with 462 points.
----------- BriefExtractor::extractForMapPoints @frame 10 -----------
Copied 462 measurements for ORB/FREAK descriptor extraction
Feature Type=1
ORB
appending feature
appending feature
appending feature
appending feature
appending feature
appending feature
appending feature
appending feature
appending feature
appending feature
appending feature
appending feature
appending feature
appending feature
appending feature
appending feature
appending feature
appending feature
appending feature
appending feature
appending feature
appending feature
appending feature
appending feature
appending feature
appending feature
appending feature
appending feature
appending feature
appending feature
appending feature
appending feature
appending feature
appending feature
appending feature
appending feature
appending feature
appending feature
appending feature
appending feature
appending feature
appending feature
appending feature
appending feature
appending feature
appending feature
appending feature
appending feature
appending feature
appending feature
appending feature
appending feature
appending feature
appending feature
appending feature
appending feature
appending feature
appending feature
appending feature
appending feature
appending feature
appending feature
appending feature
appending feature
appending feature
appending feature
appending feature
appending feature
appending feature
appending feature
appending feature
appending feature
appending feature
appending feature
appending feature
appending feature
appending feature
appending feature
appending feature
appending feature
appending feature
appending feature
appending feature
appending feature
appending feature
appending feature
appending feature
appending feature
appending feature
appending feature
appending feature
appending feature
appending feature
appending feature
appending feature
appending feature
appending feature
appending feature
appending feature
appending feature
appending feature
appending feature
appending feature
appending feature
appending feature
appending feature
appending feature
appending feature
appending feature
appending feature
appending feature
appending feature
appending feature
appending feature
appending feature
appending feature
appending feature
appending feature
appending feature
appending feature
appending feature
appending feature
appending feature
appending feature
appending feature
appending feature
appending feature
appending feature
appending feature
appending feature
appending feature
appending feature
appending feature
appending feature
appending feature
appending feature
appending feature
appending feature
appending feature
appending feature
appending feature
appending feature
appending feature
appending feature
appending feature
appending feature
appending feature
appending feature
appending feature
appending feature
appending feature
appending feature
appending feature
appending feature
appending feature
appending feature
appending feature
appending feature
appending feature
appending feature
appending feature
appending feature
appending feature
appending feature
appending feature
appending feature
appending feature
appending feature
appending feature
appending feature
appending feature
appending feature
appending feature
appending feature
appending feature
appending feature
appending feature
appending feature
appending feature
appending feature
appending feature
appending feature
appending feature
appending feature
appending feature
appending feature
appending feature
appending feature
appending feature
appending feature
appending feature
appending feature
appending feature
appending feature
appending feature
appending feature
appending feature
appending feature
appending feature
appending feature
appending feature
appending feature
appending feature
appending feature
appending feature
appending feature
appending feature
appending feature
appending feature
appending feature
appending feature
appending feature
appending feature
appending feature
appending feature
appending feature
appending feature
appending feature
appending feature
appending feature
appending feature
appending feature
appending feature
appending feature
appending feature
appending feature
appending feature
appending feature
appending feature
appending feature
appending feature
appending feature
appending feature
appending feature
appending feature
appending feature
appending feature
appending feature
appending feature
appending feature
appending feature
appending feature
appending feature
appending feature
appending feature
appending feature
appending feature
appending feature
appending feature
appending feature
appending feature
appending feature
appending feature
appending feature
appending feature
appending feature
appending feature
appending feature
appending feature
appending feature
appending feature
appending feature
appending feature
appending feature
appending feature
appending feature
appending feature
appending feature
appending feature
appending feature
appending feature
appending feature
appending feature
appending feature
appending feature
appending feature
appending feature
appending feature
appending feature
appending feature
appending feature
appending feature
appending feature
appending feature
appending feature
appending feature
appending feature
appending feature
appending feature
appending feature
appending feature
appending feature
appending feature
appending feature
appending feature
appending feature
appending feature
appending feature
appending feature
appending feature
appending feature
appending feature
appending feature
appending feature
appending feature
appending feature
appending feature
appending feature
appending feature
appending feature
appending feature
appending feature
appending feature
appending feature
appending feature
appending feature
appending feature
appending feature
appending feature
appending feature
appending feature
appending feature
appending feature
appending feature
appending feature
appending feature
appending feature
appending feature
appending feature
appending feature
appending feature
appending feature
appending feature
appending feature
appending feature
appending feature
appending feature
appending feature
appending feature
appending feature
appending feature
appending feature
appending feature
appending feature
appending feature
appending feature
appending feature
appending feature
appending feature
appending feature
appending feature
appending feature
appending feature
appending feature
appending feature
appending feature
appending feature
appending feature
appending feature
appending feature
appending feature
appending feature
appending feature
appending feature
appending feature
appending feature
appending feature
appending feature
appending feature
appending feature
appending feature
appending feature
appending feature
appending feature
appending feature
appending feature
appending feature
appending feature
appending feature
appending feature
appending feature
appending feature
appending feature
appending feature
appending feature
appending feature
appending feature
appending feature
appending feature
appending feature
appending feature
appending feature
appending feature
appending feature
appending feature
appending feature
appending feature
appending feature
appending feature
appending feature
appending feature
appending feature
appending feature
appending feature
appending feature
appending feature
appending feature
appending feature
appending feature
appending feature
appending feature
appending feature
appending feature
appending feature
appending feature
appending feature
appending feature
appending feature
appending feature
appending feature
appending feature
appending feature
appending feature
appending feature
appending feature
appending feature
appending feature
appending feature
appending feature
appending feature
appending feature
appending feature
appending feature
462/433 
#Corners=462 #Descriptors=433 #NotExtracted=29
----------- BriefExtractor::extractForMapPoints @frame 35 -----------
Copied 462 measurements for ORB/FREAK descriptor extraction
Feature Type=1
ORB
appending feature
appending feature
appending feature
appending feature
appending feature
appending feature
appending feature
appending feature
appending feature
appending feature
appending feature
appending feature
appending feature
appending feature
appending feature
appending feature
appending feature
appending feature
appending feature
appending feature
appending feature
appending feature
appending feature
appending feature
appending feature
appending feature
appending feature
appending feature
appending feature
appending feature
appending feature
appending feature
appending feature
appending feature
appending feature
appending feature
appending feature
appending feature
appending feature
appending feature
appending feature
appending feature
appending feature
appending feature
appending feature
appending feature
appending feature
appending feature
appending feature
appending feature
appending feature
appending feature
appending feature
appending feature
appending feature
appending feature
appending feature
appending feature
appending feature
appending feature
appending feature
appending feature
appending feature
appending feature
appending feature
appending feature
appending feature
appending feature
appending feature
appending feature
appending feature
appending feature
appending feature
appending feature
appending feature
appending feature
appending feature
appending feature
appending feature
appending feature
appending feature
appending feature
appending feature
appending feature
appending feature
appending feature
appending feature
appending feature
appending feature
appending feature
appending feature
appending feature
appending feature
appending feature
appending feature
appending feature
appending feature
appending feature
appending feature
appending feature
appending feature
appending feature
appending feature
appending feature
appending feature
appending feature
appending feature
appending feature
appending feature
appending feature
appending feature
appending feature
appending feature
appending feature
appending feature
appending feature
appending feature
appending feature
appending feature
appending feature
appending feature
appending feature
appending feature
appending feature
appending feature
appending feature
appending feature
appending feature
appending feature
appending feature
appending feature
appending feature
appending feature
appending feature
appending feature
appending feature
appending feature
appending feature
appending feature
appending feature
appending feature
appending feature
appending feature
appending feature
appending feature
appending feature
appending feature
appending feature
appending feature
appending feature
appending feature
appending feature
appending feature
appending feature
appending feature
appending feature
appending feature
appending feature
appending feature
appending feature
appending feature
appending feature
appending feature
appending feature
appending feature
appending feature
appending feature
appending feature
appending feature
appending feature
appending feature
appending feature
appending feature
appending feature
appending feature
appending feature
appending feature
appending feature
appending feature
appending feature
appending feature
appending feature
appending feature
appending feature
appending feature
appending feature
appending feature
appending feature
appending feature
appending feature
appending feature
appending feature
appending feature
appending feature
appending feature
appending feature
appending feature
appending feature
appending feature
appending feature
appending feature
appending feature
appending feature
appending feature
appending feature
appending feature
appending feature
appending feature
appending feature
appending feature
appending feature
appending feature
appending feature
appending feature
appending feature
appending feature
appending feature
appending feature
appending feature
appending feature
appending feature
appending feature
appending feature
appending feature
appending feature
appending feature
appending feature
appending feature
appending feature
appending feature
appending feature
appending feature
appending feature
appending feature
appending feature
appending feature
appending feature
appending feature
appending feature
appending feature
appending feature
appending feature
appending feature
appending feature
appending feature
appending feature
appending feature
appending feature
appending feature
appending feature
appending feature
appending feature
appending feature
appending feature
appending feature
appending feature
appending feature
appending feature
appending feature
appending feature
appending feature
appending feature
appending feature
appending feature
appending feature
appending feature
appending feature
appending feature
appending feature
appending feature
appending feature
appending feature
appending feature
appending feature
appending feature
appending feature
appending feature
appending feature
appending feature
appending feature
appending feature
appending feature
appending feature
appending feature
appending feature
appending feature
appending feature
appending feature
appending feature
appending feature
appending feature
appending feature
appending feature
appending feature
appending feature
appending feature
appending feature
appending feature
appending feature
appending feature
appending feature
appending feature
appending feature
appending feature
appending feature
appending feature
appending feature
appending feature
appending feature
appending feature
appending feature
appending feature
appending feature
appending feature
appending feature
appending feature
appending feature
appending feature
appending feature
appending feature
appending feature
appending feature
appending feature
appending feature
appending feature
appending feature
appending feature
appending feature
appending feature
appending feature
appending feature
appending feature
appending feature
appending feature
appending feature
appending feature
appending feature
appending feature
appending feature
appending feature
appending feature
appending feature
appending feature
appending feature
appending feature
appending feature
appending feature
appending feature
appending feature
appending feature
appending feature
appending feature
appending feature
appending feature
appending feature
appending feature
appending feature
appending feature
appending feature
appending feature
appending feature
appending feature
appending feature
appending feature
appending feature
appending feature
appending feature
appending feature
appending feature
appending feature
appending feature
appending feature
appending feature
appending feature
appending feature
appending feature
appending feature
appending feature
appending feature
appending feature
appending feature
appending feature
appending feature
appending feature
appending feature
appending feature
appending feature
appending feature
appending feature
appending feature
appending feature
appending feature
appending feature
appending feature
appending feature
appending feature
appending feature
appending feature
appending feature
appending feature
appending feature
appending feature
appending feature
appending feature
appending feature
appending feature
appending feature
appending feature
appending feature
appending feature
appending feature
appending feature
appending feature
appending feature
appending feature
appending feature
appending feature
appending feature
appending feature
appending feature
appending feature
appending feature
appending feature
appending feature
appending feature
appending feature
appending feature
appending feature
appending feature
appending feature
appending feature
appending feature
appending feature
appending feature
appending feature
appending feature
appending feature
appending feature
appending feature
appending feature
appending feature
appending feature
appending feature
appending feature
appending feature
appending feature
appending feature
appending feature
appending feature
appending feature
appending feature
appending feature
appending feature
appending feature
appending feature
462/455 
#Corners=462 #Descriptors=455 #NotExtracted=7
we're lost
[0m[ INFO] [1355724133.790419041]: received image[0m
start of callback
1) sec: 22349 nsec: 23554653
end of callback
 Image sequence #36
---
22349 23554653
0.999983 0.00203899 -0.0055248 -9.88021e-05
-0.00204966 0.999996 -0.00192673 0.000845283
0.00552085 0.00193802 0.999983 0.0943901
0 0 0 0
0 0 0
0 0 0
[0m[ INFO] [1355724133.907016572]: received image[0m
start of callback
1) sec: 22349 nsec: 124576653
end of callback
 Image sequence #37
---
22349 124576653
0.999981 0.00259271 -0.005514 0.000146849
-0.00260429 0.999994 -0.00209477 0.000245817
0.00550854 0.00210909 0.999983 0.0967165
0 0 0 0
0 0 0
0 0 0
[0m[ INFO] [1355724134.057994798]: received image[0m
start of callback
1) sec: 22349 nsec: 225598653
end of callback
 Image sequence #38
---
22349 225598653
0.999981 0.00212042 -0.00577413 0.00018226
-0.0021339 0.999995 -0.00233028 0.000342865
0.00576916 0.00234256 0.999981 0.0999988
0 0 0 0
0 0 0
0 0 0
[0m[ INFO] [1355724134.145661154]: received image[0m
start of callback
1) sec: 22349 nsec: 326620653
end of callback
 Image sequence #39
---
22349 326620653
0.999979 0.0028874 -0.00579052 -0.000427522
-0.00290216 0.999993 -0.0025435 -0.000265612
0.00578313 0.00256025 0.99998 0.104814
0 0 0 0
0 0 0
0 0 0
[0m[ INFO] [1355724134.269797063]: received image[0m
start of callback
1) sec: 22349 nsec: 427643653
end of callback
 Image sequence #40
---
22349 427643653
0.999978 0.00307295 -0.00592223 -0.000186278
-0.00308803 0.999992 -0.00253787 -0.000659023
0.00591438 0.0025561 0.999979 0.107478
0 0 0 0
0 0 0
0 0 0
[0m[ INFO] [1355724134.399517565]: received image[0m
start of callback
1) sec: 22349 nsec: 528665653
end of callback
 Image sequence #41
---
22349 528665653
0.999976 0.00294054 -0.00626239 -6.2983e-05
-0.00295664 0.999992 -0.00256307 -0.000509736
0.00625481 0.00258152 0.999977 0.110908
0 0 0 0
0 0 0
0 0 0
[0m[ INFO] [1355724134.530088079]: received image[0m
start of callback
1) sec: 22349 nsec: 629687653
end of callback
 Image sequence #42
---
22349 629687653
0.999971 0.0035365 -0.0066822 0.00013011
-0.00355413 0.99999 -0.00262817 -0.000922344
0.00667284 0.00265184 0.999974 0.114249
0 0 0 0
0 0 0
0 0 0
[0m[ INFO] [1355724134.653383076]: received image[0m
start of callback
1) sec: 22349 nsec: 730720653
end of callback
 Image sequence #43
---
22349 730720653
0.999974 0.00275039 -0.00664102 0.000531182
-0.00276914 0.999992 -0.00281561 -0.000771632
0.00663322 0.00283393 0.999974 0.118038
0 0 0 0
0 0 0
0 0 0
[0m[ INFO] [1355724134.781357928]: received image[0m
start of callback
1) sec: 22349 nsec: 831743653
end of callback
 Image sequence #44
---
22349 831743653
0.999972 0.00329306 -0.00679245 0.000565797
-0.00331422 0.99999 -0.00310609 -0.000875005
0.00678215 0.00312851 0.999972 0.120867
0 0 0 0
0 0 0
0 0 0
[0m[ INFO] [1355724134.904526793]: received image[0m
start of callback
1) sec: 22349 nsec: 932798653
end of callback
 Image sequence #45
---
22349 932798653
0.999962 0.00412461 -0.00772154 0.000315151
-0.00415267 0.999985 -0.00362226 -0.000905332
0.00770648 0.00365419 0.999964 0.124493
0 0 0 0
0 0 0
0 0 0
[0m[ INFO] [1355724135.024049152]: received image[0m
start of callback
1) sec: 22350 nsec: 33820653
end of callback
 Image sequence #46
---
22350 33820653
0.999961 0.00460061 -0.00759747 5.54041e-05
-0.00462733 0.999983 -0.00350278 -0.000810513
0.00758123 0.0035378 0.999965 0.128808
0 0 0 0
0 0 0
0 0 0
[0m[ INFO] [1355724135.154646775]: received image[0m
start of callback
1) sec: 22350 nsec: 134843653
end of callback
 Image sequence #47
---
22350 134843653
0.999958 0.00460387 -0.00796928 0.000175762
-0.00463117 0.999983 -0.00341115 -0.000561774
0.00795345 0.00344792 0.999962 0.131928
0 0 0 0
0 0 0
0 0 0
[0m[ INFO] [1355724135.298254675]: received image[0m
start of callback
1) sec: 22350 nsec: 235865653
end of callback
 Image sequence #48
---
22350 235865653
0.999951 0.00525627 -0.00837483 -2.47672e-05
-0.0052872 0.999979 -0.0036753 -0.000469328
0.00835534 0.0037194 0.999958 0.135543
0 0 0 0
0 0 0
0 0 0
[0m[ INFO] [1355724135.418292576]: received image[0m
start of callback
1) sec: 22350 nsec: 336887653
end of callback
 Image sequence #49
---
22350 336887653
0.999953 0.00486585 -0.0083728 0.000198545
-0.00489508 0.999982 -0.00347479 -0.000231495
0.00835574 0.00351561 0.999959 0.139438
0 0 0 0
0 0 0
0 0 0
[0m[ INFO] [1355724135.540894062]: received image[0m
start of callback
1) sec: 22350 nsec: 437909653
end of callback
 Image sequence #50
---
22350 437909653
0.99995 0.00495803 -0.0087389 0.000173038
-0.00498695 0.999982 -0.00328984 -0.000400931
0.00872244 0.00333325 0.999956 0.143376
0 0 0 0
0 0 0
0 0 0
[0m[ INFO] [1355724135.660374967]: received image[0m
start of callback
1) sec: 22350 nsec: 538920653
end of callback
 Image sequence #51
---
22350 538920653
0.999948 0.00495356 -0.00889376 -4.75306e-05
-0.00498196 0.999983 -0.00317439 -0.000309473
0.00887788 0.00321853 0.999955 0.146682
0 0 0 0
0 0 0
0 0 0
[0m[ INFO] [1355724135.769220829]: received image[0m
start of callback
1) sec: 22350 nsec: 639965653
end of callback
 Image sequence #52
---
22350 639965653
0.999945 0.00537144 -0.00902428 -0.000318116
-0.00539958 0.999981 -0.00309655 -0.000368791
0.00900747 0.0031451 0.999954 0.150741
0 0 0 0
0 0 0
0 0 0
[0m[ INFO] [1355724135.890637670]: received image[0m
start of callback
1) sec: 22350 nsec: 740943653
end of callback
 Image sequence #53
---
22350 740943653
0.999945 0.00525086 -0.00907207 -0.00072822
-0.00527689 0.999982 -0.00284769 -0.000563457
0.00905695 0.00289541 0.999955 0.154533
0 0 0 0
0 0 0
0 0 0
[0m[ INFO] [1355724136.007836938]: received image[0m
start of callback
1) sec: 22350 nsec: 841976653
end of callback
 Image sequence #54
---
22350 841976653
0.999939 0.00517245 -0.00976562 -6.72041e-05
-0.00520007 0.999983 -0.0028045 -0.000227868
0.00975095 0.00285511 0.999948 0.157892
0 0 0 0
0 0 0
0 0 0
[0m[ INFO] [1355724136.148546495]: received image[0m
start of callback
1) sec: 22350 nsec: 943009653
end of callback
 Image sequence #55
---
22350 943009653
0.999935 0.00570796 -0.00988439 -0.000467032
-0.00572886 0.999981 -0.00208674 -0.000778436
0.00987229 0.00214323 0.999949 0.162068
0 0 0 0
0 0 0
0 0 0
[0m[ INFO] [1355724136.283214271]: received image[0m
start of callback
1) sec: 22351 nsec: 44020653
end of callback
 Image sequence #56
---
22351 44020653
0.999926 0.00619206 -0.0104664 -0.000704108
-0.00621366 0.999979 -0.00203168 -0.000305438
0.0104536 0.00209656 0.999943 0.166078
0 0 0 0
0 0 0
0 0 0
[0m[ INFO] [1355724136.405312106]: received image[0m
start of callback
1) sec: 22351 nsec: 145065653
end of callback
 Image sequence #57
---
22351 145065653
0.999927 0.00560654 -0.0107129 -0.00114095
-0.00562636 0.999983 -0.00182084 7.02799e-06
0.0107025 0.00188098 0.999941 0.169889
0 0 0 0
0 0 0
0 0 0
[0m[ INFO] [1355724136.535957303]: received image[0m
start of callback
1) sec: 22351 nsec: 246109653
end of callback
 Image sequence #58
---
22351 246109653
0.999913 0.00637944 -0.0115232 -0.000769714
-0.00639823 0.999978 -0.00159473 0.000421794
0.0115127 0.00166832 0.999932 0.173303
0 0 0 0
0 0 0
0 0 0
[0m[ INFO] [1355724136.677126125]: received image[0m
start of callback
1) sec: 22351 nsec: 347732653
end of callback
 Image sequence #59
---
22351 347732653
0.999911 0.00605032 -0.0118772 -0.00179295
-0.00606971 0.99998 -0.00159666 0.0014973
0.0118673 0.00166861 0.999928 0.177808
0 0 0 0
0 0 0
0 0 0
----------- BriefExtractor::extractForMapPoints @frame 59 -----------
Copied 396 measurements for ORB/FREAK descriptor extraction
Feature Type=1
ORB
appending feature
appending feature
appending feature
appending feature
appending feature
appending feature
appending feature
appending feature
appending feature
appending feature
appending feature
appending feature
appending feature
appending feature
appending feature
appending feature
appending feature
appending feature
appending feature
appending feature
appending feature
appending feature
appending feature
appending feature
appending feature
appending feature
appending feature
appending feature
appending feature
appending feature
appending feature
appending feature
appending feature
appending feature
appending feature
appending feature
appending feature
appending feature
appending feature
appending feature
appending feature
appending feature
appending feature
appending feature
appending feature
appending feature
appending feature
appending feature
appending feature
appending feature
appending feature
appending feature
appending feature
appending feature
appending feature
appending feature
appending feature
appending feature
appending feature
appending feature
appending feature
appending feature
appending feature
appending feature
appending feature
appending feature
appending feature
appending feature
appending feature
appending feature
appending feature
appending feature
appending feature
appending feature
appending feature
appending feature
appending feature
appending feature
appending feature
appending feature
appending feature
appending feature
appending feature
appending feature
appending feature
appending feature
appending feature
appending feature
appending feature
appending feature
appending feature
appending feature
appending feature
appending feature
appending feature
appending feature
appending feature
appending feature
appending feature
appending feature
appending feature
appending feature
appending feature
appending feature
appending feature
appending feature
appending feature
appending feature
appending feature
appending feature
appending feature
appending feature
appending feature
appending feature
appending feature
appending feature
appending feature
appending feature
appending feature
appending feature
appending feature
appending feature
appending feature
appending feature
appending feature
appending feature
appending feature
appending feature
appending feature
appending feature
appending feature
appending feature
appending feature
appending feature
appending feature
appending feature
appending feature
appending feature
appending feature
appending feature
appending feature
appending feature
appending feature
appending feature
appending feature
appending feature
appending feature
appending feature
appending feature
appending feature
appending feature
appending feature
appending feature
appending feature
appending feature
appending feature
appending feature
appending feature
appending feature
appending feature
appending feature
appending feature
appending feature
appending feature
appending feature
appending feature
appending feature
appending feature
appending feature
appending feature
appending feature
appending feature
appending feature
appending feature
appending feature
appending feature
appending feature
appending feature
appending feature
appending feature
appending feature
appending feature
appending feature
appending feature
appending feature
appending feature
appending feature
appending feature
appending feature
appending feature
appending feature
appending feature
appending feature
appending feature
appending feature
appending feature
appending feature
appending feature
appending feature
appending feature
appending feature
appending feature
appending feature
appending feature
appending feature
appending feature
appending feature
appending feature
appending feature
appending feature
appending feature
appending feature
appending feature
appending feature
appending feature
appending feature
appending feature
appending feature
appending feature
appending feature
appending feature
appending feature
appending feature
appending feature
appending feature
appending feature
appending feature
appending feature
appending feature
appending feature
appending feature
appending feature
appending feature
appending feature
appending feature
appending feature
appending feature
appending feature
appending feature
appending feature
appending feature
appending feature
appending feature
appending feature
appending feature
appending feature
appending feature
appending feature
appending feature
appending feature
appending feature
appending feature
appending feature
appending feature
appending feature
appending feature
appending feature
appending feature
appending feature
appending feature
appending feature
appending feature
appending feature
appending feature
appending feature
appending feature
appending feature
appending feature
appending feature
appending feature
appending feature
appending feature
appending feature
appending feature
appending feature
appending feature
appending feature
appending feature
appending feature
appending feature
appending feature
appending feature
appending feature
appending feature
appending feature
appending feature
appending feature
appending feature
appending feature
appending feature
appending feature
appending feature
appending feature
appending feature
appending feature
appending feature
appending feature
appending feature
appending feature
appending feature
appending feature
appending feature
appending feature
appending feature
appending feature
appending feature
appending feature
appending feature
appending feature
appending feature
appending feature
appending feature
appending feature
appending feature
appending feature
appending feature
appending feature
appending feature
appending feature
appending feature
appending feature
appending feature
appending feature
appending feature
appending feature
appending feature
appending feature
appending feature
appending feature
appending feature
appending feature
appending feature
appending feature
appending feature
appending feature
appending feature
appending feature
appending feature
appending feature
appending feature
appending feature
appending feature
appending feature
appending feature
appending feature
appending feature
appending feature
appending feature
appending feature
appending feature
appending feature
appending feature
appending feature
appending feature
appending feature
appending feature
appending feature
appending feature
appending feature
appending feature
appending feature
appending feature
appending feature
appending feature
appending feature
appending feature
appending feature
appending feature
appending feature
appending feature
appending feature
appending feature
appending feature
appending feature
appending feature
appending feature
appending feature
appending feature
appending feature
appending feature
appending feature
appending feature
appending feature
appending feature
appending feature
appending feature
appending feature
appending feature
appending feature
appending feature
appending feature
appending feature
appending feature
appending feature
396/394 
#Corners=432 #Descriptors=394 #NotExtracted=38
BundleAdjustRecent
[0m[ INFO] [1355724136.802967454]: received image[0m
start of callback
1) sec: 22351 nsec: 448765653
end of callback
 Image sequence #60
---
22351 448765653
0.999903 0.0064367 -0.0123134 -0.00185658
-0.00645237 0.999978 -0.00123345 0.000780951
0.0123052 0.00131278 0.999923 0.181446
0 0 0 0
0 0 0
0 0 0
[0m[ INFO] [1355724136.930175071]: received image[0m
start of callback
1) sec: 22351 nsec: 549776653
end of callback
 Image sequence #61
---
22351 549776653
0.999904 0.00538882 -0.0127664 -0.00170086
